1000
926737613 24165
449784198 6620
309336513 17683
772512780 18885
144875555 2845
176621789 29051
593374754 13602
761291126 25624
112728347 3814
147688618 14107
332426705 5519
36669558 16943
108974274 15564
914987465 555
266214166 11867
747186945 8468
881655279 24192
769579735 13093
309810410 25962
921466846 31022
191109696 19615
242514134 15041
293847965 14564
651494858 7954
156658058 23607
56280618 24938
124958374 14556
199751785 26268
594731143 17800
363852126 8942
321433521 17455
546147263 31807
23547677 26631
100874820 29305
646623716 3247
422772877 26777
393825716 4009
571477151 31428
852169694 9857
126359316 29258
850556407 8029
50433234 11914
897151835 9924
784769671 20999
700755324 17626
634190888 15676
167320328 5491
685067934 27882
929427161 6556
18778350 16373
426160472 13965
400710506 2316
499079881 21801
802725835 12976
766564331 28275
23010809 12374
859979884 29849
586423543 3513
222876807 17809
422722743 13716
837298205 31573
228942686 4961
357298336 20288
164937651 4043
904806179 12575
324323006 9718
920618001 30699
506673158 32717
585432154 339
179474329 14834
630661550 32369
451262654 13322
85038152 24428
566669639 14451
544741203 7371
278270850 24233
636740190 21705
850463639 26091
757710166 9199
7894781 29144
415204734 7090
353724347 8473
973538832 3828
375105904 30304
941026748 27542
719445909 3640
447339476 20854
201598218 12412
334860805 23190
54958660 630
710748213 25916
122357371 1771
885566421 30792
465060353 17319
758272518 23320
502794509 24644
847719994 1460
42016175 28731
464292777 29455
39498047 27274
546599868 28323
964089041 9069
448535959 32698
858612196 256
224414002 26650
411065080 10686
900100603 6380
649595198 9278
804231343 22561
757885962 22946
901749666 24982
868520081 14469
386547852 27336
612960069 25721
82714162 25831
10593124 32336
654176783 30828
945024149 13248
678823807 20151
358153367 31019
529909492 8503
869604397 9865
581526816 805
429134127 14536
418259102 16870
500241765 17192
86945026 22911
347527358 14416
102631518 9679
672498004 12592
250960189 32355
559197616 18423
667792033 6690
798951453 3998
138519202 16676
112082219 13523
865748378 18031
875032788 31571
968737895 20591
227161097 8942
11611293 28264
217115094 22984
141679067 10799
159390123 19866
965054055 233
273392540 15357
674459952 17069
402389958 8708
705118588 6197
275745819 28082
518903213 9980
135062969 26636
846936903 20355
872043504 1242
596849470 7828
824783675 27988
771206035 4537
536176326 1357
455230195 4157
825590593 26263
251661092 17783
355731431 27837
84075740 11823
770081213 31549
524167733 31319
25468839 15083
130755929 11639
451604298 12076
188264952 31603
521516200 18970
25818337 3228
985053292 7904
615837156 27432
820542743 3012
48283398 11651
888483352 16830
736765693 19482
871584469 32141
359809599 18064
496062928 9893
260004658 7032
677586390 27253
553780012 28430
320927749 24263
856535043 24706
349918441 19537
871180630 19153
605503586 2743
2875310 21832
293825609 24956
113528750 6425
281640397 15810
427023681 3252
517866716 19146
74220056 10938
36677241 11139
346658918 14794
936169821 17853
282599131 890
241160216 21426
445025221 31791
253537214 22268
540907167 10939
603436853 8253
4400326 21992
460470417 30976
881359514 28506
73429430 10650
60117353 11877
556323310 8977
246433437 8918
956697463 5467
716079908 1726
846450047 15473
182730644 4021
457259047 17155
398086097 17212
809432102 20439
120567230 12067
110993876 15128
847674319 11803
305843037 4894
694859515 25053
198939362 5241
342690096 6030
742240195 5951
399914604 12365
895538650 17394
377774596 14084
782549026 13437
724643540 22006
361884741 2574
649131886 12714
463201425 1759
966640225 7187
58722877 29484
531270632 27185
36455528 3811
527849074 18299
902573304 7637
376037724 32209
610117922 19057
413338547 7624
28591471 15181
14146774 4750
576874190 23054
347308930 17848
14560820 32360
420176314 23226
611593367 1618
990649418 1748
63981457 27807
225389293 29115
393560996 14748
217586301 11343
543046388 17763
538687043 30222
64002266 16900
437251384 3888
602424446 29618
3837137 1164
640437299 28561
747727565 2996
991824206 15847
891593140 30956
456597340 25261
21402492 26093
26108642 10198
910596435 6026
740069256 7893
994627992 25008
747182495 15128
666697548 1126
785611247 13717
200833403 4526
903104819 10660
875868991 11120
634520753 7604
766377354 8673
341390850 32415
517468658 32259
655232974 2732
729650679 8490
108877047 20854
212454398 10671
508904167 22620
137644206 3640
95605523 12073
851718536 11323
276012560 24321
673884515 11179
688285114 11754
549572227 26858
361139074 17251
949496889 24441
906585374 24294
623898754 8958
233154895 5964
406486465 8593
128738003 4707
455211559 379
645338566 24126
334074865 15807
289830183 8715
543383166 45
706834590 19045
564756994 27856
393734668 13703
149174604 29164
384256433 17867
367234529 2294
155351899 13648
189673240 30751
258917714 7115
174449885 24942
900398480 24514
333588685 4991
371397608 22216
635506369 29023
669175323 13427
928249856 12830
270155227 9759
720578351 32262
390693932 10690
164892605 24231
73177481 24665
173834393 24592
445564566 24755
277245906 29927
610535034 30118
684595058 31815
834555356 19194
887046698 32652
376059848 26247
606759934 12145
905662848 30549
846875074 9005
698942874 4810
996614654 12661
574890704 30751
267697341 14987
159280636 29883
609483862 13248
986735009 6179
104276684 2071
991185962 7321
684134913 16103
431107289 20910
58182609 8372
304644150 71
412053911 5006
909252764 15336
223364602 29629
667485830 29508
502705878 4744
441953307 25187
844653464 5194
818661346 23261
292244233 28736
464961793 15093
241585733 10159
32881704 29345
982922714 14167
554779283 11715
7461216 7494
957638074 13590
478745725 24206
476879187 25503
225402517 4975
769129193 15530
905446664 30183
170047792 20116
492491798 3540
245087115 12524
287476154 12039
609797671 8382
781719680 24818
169171040 5116
555858415 17631
500648953 9567
353996024 30421
857134049 1088
352791084 1675
183589305 12336
644997005 20770
257367043 18009
139733680 2426
407949845 5877
116971779 27739
268300740 11094
325371598 18128
236790137 26964
435279395 26719
391155311 10023
662675456 10248
147930897 23271
830833336 6704
396312948 11092
125826352 18142
239921863 5008
289455097 27385
878268808 6639
124957333 25708
364340204 23053
4155538 10320
764512985 25799
32678522 23443
965655128 19660
276959168 10680
415944052 11486
398361014 4764
213518344 7424
522880377 28522
69089906 30237
586068167 12319
453321655 32756
797517152 7765
645850546 17223
285086608 5924
926436277 19103
829319709 32099
497559329 11820
585638130 28297
66261739 27514
565739034 22526
63592856 20511
971927171 14244
749207598 13966
666404820 27091
370156114 3753
745002533 14376
201160310 14289
215616875 14293
813522552 8319
597442007 15181
873528812 32690
661623467 31365
726168600 24242
21809054 28203
116756250 7667
179721244 32113
173169344 13862
778726146 23399
142859687 16055
431027992 6139
606668802 19781
848960699 18962
680904668 7644
788129730 9052
934645266 12788
558221430 974
54739322 17546
909971557 4585
698379718 9158
467890790 17971
17861941 17676
877249076 2964
764929816 20080
608041813 25457
196679499 26847
332345548 13237
264946121 2174
474108075 22070
630380523 1289
856593742 31755
717611352 27204
3865019 19666
31159751 26796
202075923 10493
909370593 20758
891157354 28569
147170059 6619
652916736 27430
458609434 8892
434020138 26248
536676035 21676
196858718 12817
56952882 25888
244182639 25132
411522655 143
535193019 7233
305651438 32330
864321792 11200
127778653 4062
471554059 10357
169724735 12430
835563727 150
603500543 32181
201426366 3114
915442754 9988
996281820 15544
342790597 24067
460113943 21344
894606233 9785
239443113 6350
258854365 13281
4771918 11681
174654160 13604
662707867 32578
868045660 547
947413364 3136
47737241 21084
47537015 15523
734665869 18989
74643118 30175
163216329 2440
265177909 3911
676055076 27913
258512739 13107
381702457 32022
831070572 23093
111565226 8886
892320904 14604
538129519 14384
335044529 32577
401403110 31682
708511077 29583
46597695 23787
130654397 9337
668348790 8475
876640490 22214
652762190 706
728379754 26816
511095186 17954
668805318 22620
419460708 22852
476301144 19385
348852254 257
989674032 13985
921791245 25353
335715058 19687
148660949 32062
39553112 12500
279522379 23786
29508772 1554
677183922 15505
88582722 5282
404411211 9585
293682510 17644
486129771 23027
100931700 17642
234815804 14479
937040116 26612
448952001 760
467886951 7619
129456575 5005
726252632 667
557435713 7006
847711918 22976
160771047 5445
585650464 3237
544513127 16102
220697526 23667
30284118 11922
97139822 8403
655284272 5474
788387941 1583
237183688 30469
536746032 3775
933533495 11536
553377382 29970
860541263 31194
703007031 17415
713932860 20262
966403617 22339
151798284 20266
487797107 20653
719420035 686
559438679 12921
871131506 21858
31275202 2750
671936711 12692
450752487 17597
305182688 7923
69362879 5426
990394312 9214
751208806 25200
344111207 26699
657766720 19988
875299249 17883
138871822 30095
802328695 10757
561355258 26595
298772381 27327
918849024 566
197704846 7004
898284909 12855
168894207 1006
720746229 21603
728298911 14566
874185588 21927
277837917 31927
140714664 15101
180030142 9087
723783133 1771
177994178 12547
126654195 29717
679162021 27522
83832804 30014
147586300 12845
366648664 11883
811895363 7232
126434564 30726
938157810 19988
570647441 17460
532699763 7082
287409691 16311
59842366 3183
419813856 4890
963775124 12881
968967797 3573
888383120 5729
840196675 5509
433916004 20369
786100976 14585
301060218 15438
470675428 8473
847849979 24072
153300334 32309
971689672 3564
120157769 28288
777887554 15437
466566912 26683
213573164 14493
589791934 20073
389873092 11743
873984194 19419
951505856 8188
9164739 12240
884584129 22620
785739993 8331
615896007 25781
174837765 23424
847526910 8436
680821303 14349
1962193 19867
431894087 2263
51023743 32284
830577305 6475
260240700 18164
490070616 12234
390704001 4487
470332779 646
668075148 27671
571275156 15400
839691563 7762
677372310 22191
417311555 20282
321075671 1571
559958992 12159
134701435 31253
883906101 29573
902052511 13324
551761793 676
779670591 25153
869523894 11627
843567004 26974
3234241 2788
924550232 23838
409215525 23865
166278313 26366
712275347 8223
462949653 21342
178065059 14319
208040752 193
563776223 11878
306831074 2584
856844197 4688
517348798 3119
231036349 31154
321704280 10166
33395985 25141
9292354 11399
206319474 18901
621563827 14
5614451 27174
493755985 8195
906138106 4784
116624026 27599
120429492 17195
434186561 29276
202360051 27815
86785826 12063
764056913 14560
394785207 14481
546020335 29010
675846641 13186
27978768 11208
685420856 14821
227291314 20597
994407909 6398
167876784 28131
310970811 10790
662074001 12595
782860705 25213
82088522 19843
965424893 22837
969149545 13182
204716376 16754
617436844 16987
4133271 31683
818029491 9682
498902481 17599
111220742 28889
250399898 29017
650434537 17187
707581831 28375
239873479 30646
34027820 11163
415298580 3348
723697552 30495
933654889 15307
272447658 6861
811481422 5737
987074753 15003
663072616 9766
728630123 17302
294084696 20927
180884997 8134
926026101 2141
269172671 25092
688190946 14458
598736890 29121
384969223 6946
225990265 15825
488864987 24064
282472449 30384
815423225 19224
267940717 5093
518688682 17189
229649623 17762
772694171 18405
367192253 14619
813958739 32229
637987190 7728
477779196 2441
146496493 23112
831069631 2393
232366041 19239
566833807 16366
995405791 32122
633844284 20964
307092213 19305
751348603 24767
433979791 10365
459416092 20910
477813027 19920
450745852 18302
271884472 20644
461707136 20819
863610081 16085
450591110 7121
518594888 30661
943313568 8412
405620627 28080
275406707 29213
920758615 6790
205967412 23790
458339525 3265
478088959 23126
121560554 21463
710692955 5185
506437643 4399
739657208 20758
212429812 22976
624992867 24916
933286426 13775
635746205 18156
55074430 14173
115874738 19551
613753942 9543
555891962 12790
842164690 26663
276996142 2442
957356634 3955
675841585 23986
443670822 14452
294248329 26460
656794623 11783
21835595 27921
575539751 3906
195210953 374
516729683 31862
397176004 17101
590177225 1328
646513697 2945
837430326 10003
289218500 17405
876602573 27853
64273322 18533
717339107 30070
396516603 10471
639060589 12309
131894487 443
173811601 13346
174932436 20501
320110026 10041
860280356 4998
334761293 24933
263597856 18347
285433683 19615
688960013 24605
409970773 8575
104728277 247
320671452 29226
7213078 16492
84847608 15878
642772227 25162
739192528 23483
626776904 17500
149720722 13448
67023442 11014
334516888 25336
88837617 22416
842998534 6259
863550377 24057
416776197 2124
540631897 7762
975562022 19506
781409663 9705
452392310 5422
184431579 7885
328089443 21913
64562685 26736
609811959 13223
818475763 2684
757319378 20867
843384478 31499
306528136 7950
208730290 15330
50427045 19129
451870063 11885
694994500 21015
889503073 15484
438859230 30742
352969883 9241
966875571 22028
334728866 26356
739539102 9705
961363113 8751
451123447 5977
955758032 31127
606177448 20123
880527287 22918
279068430 25422
303857073 11529
282177540 9874
837957646 20988
269576802 29473
672496660 9015
949295077 8020
151188917 28938
264915885 10290
965959785 17038
152772346 9712
941868473 20124
641904229 23955
161975579 20843
954654706 8346
341777511 19487
30695110 29384
203678674 26066
217035518 28565
946322166 8667
50854918 29643
283362720 32098
946545604 30038
146429810 22147
738504579 596
11940613 20872
733794978 27110
459602331 21770
502892355 25686
312345849 15348
615952201 32136
16923287 5305
726388910 23501
671992427 16201
304759666 3740
129746995 1919
738296842 11191
607710573 2073
386702176 30403
173572435 17032
670209898 28256
454804699 31248
285931021 13124
927078926 5392
779058872 8419
503167170 7535
605176911 27822
707396847 378
427427403 2030
91556458 188
719886179 8639
772353425 19612
490599789 20933
817636954 25272
687540925 31109
423425280 5982
5798799 6538
356092955 14482
254077725 195
603557155 13955
897825074 12219
511419075 25690
364038565 22166
586317311 15558
463754683 19452
184765125 12216
317958415 3160
479986200 27433
185094548 3095
926388661 24286
285617077 15557
721798288 31626
663254293 25665
999012679 28603
481100922 7772
502421063 31095
646082244 25759
354014058 22898
205910803 5384
600975316 7491
558106468 30728
891568958 24586
525362942 1792
530096519 23897
429202631 13
680106735 20583
718393010 30956
83942665 10705
8836088 29238
418385302 14457
939787373 13641
748766362 1601
38951500 23183
848346709 28595
250117449 782
65746173 30166
549011970 26467
778131706 959
495417251 12176
284622044 28067
185336334 25160
117934251 23920
421337240 28579
404233279 16696
384452255 14939
926231872 12792
931258633 23554
456755331 15735
340025337 973
192883504 5211
417902120 3313
920219362 26019
748495460 4255
446291311 15139
653676300 6432
774117512 1722
825332114 1705
716129028 20054
348351456 31699
657284303 5381
490882393 5857
654105881 20901
220150504 9792
153676149 2029
523756079 14810
366693875 32486
813236176 16440
279624266 10256
449946505 5515
362272111 9412
478190206 23562
749478368 916
473504000 28754
60616816 23989
157405329 8613
764599767 31931
66487847 21817
5900319 13101
105833064 13564
948040049 9912
954721773 19831
787844127 274
74037061 23471
473845761 25794
147289647 21306
341218944 11631
120673188 9703
36896841 32614
281519024 24995
136029449 2156
76085203 7809
938273413 9249
61858454 17938
288250502 26750
972893793 18032
23535056 814
