1000
985221742379132681 425596398294099631
788516488497069520 223856274880665991
327637016357944523 916870692953388588
588057183229760190 592127531921201874
479028095915154022 162829288367038788
20460687099211504 673280317784221368
927951995151798057 804108751586508163
950019382528606646 516278916091235683
661348366451657708 30656698625775851
487076911871430024 107073989386515647
777005350679643755 263582071075789027
582812996398731711 537145659001481562
418243934588491970 969029117408130525
718319027624080914 849535934786495824
72778672372927589 896946651041013481
744865144437402338 524844769889583981
745858335357209094 215943909389210677
860019597299963962 58938978545638966
112006330459558239 322397441722944290
101747643083663849 442593615195635820
71475711175716776 988544962103838329
652980344657889562 114222670485558320
707661966900384925 234576477489338348
962657759696579173 136198531326422078
282621614979018637 210547094621522925
226153475641236741 770463519816936053
681499922308808906 580181095983769989
838197908285331000 735409584412220540
35305204622304554 907930993475057146
1668183150953843 759015432744661713
424026831757566764 494031058851320977
497956303779430045 77261445516900802
580344959037528559 916943246540299880
579726122565482951 245677257579479588
254396528962783257 940098448346839023
666423563466044399 295444582711067550
659199362675516445 435668137532289430
285757014697051496 912329797599270278
408353136308035679 563547180246634658
634037858088849766 726586590034307738
113314231779674538 555718706500822100
261222732444838656 979334689070312355
184342232144807434 249507015597197066
755961576580835487 810823636923087083
429544185374559703 630205419503392204
52909046247075670 878014801478813231
190852519638216850 832974643528510270
670932986764974200 986685759873103249
34292403715779289 632556161442131846
577954172672956453 894669386088363387
653218045744075059 858653670372447396
713960241434772818 706748671135888653
646953024565153078 930693432057945424
13907367926210911 621847285189575789
173286423143991970 544605986053827684
587397198931841385 606117538130519289
224053536013071163 582180027253103342
861092940916046611 418794576643601437
311155681839129705 359760905400148498
357820357326177941 602122676059685226
39807433556120282 333525772987172638
941593993563256756 136585436267918166
376966305314968575 253020347755409216
116955619348903876 505698837509429996
17113740386362462 680257191264150203
592828139179145436 690073695723989384
529615021379669366 127986219327346208
726536851790972888 398684516233605354
407363915454230380 889030623131063116
249491359572629661 897737823016596253
583282938222249621 842854514600705771
796822542451149019 600344228064350754
497179265964838455 612051182607869002
97325722689104672 902644717352284282
324971657308202228 488053658471527508
556872261627435096 429874490992050202
660985835412482392 954502514627116162
357959345302812937 96355147770893882
282346497350196685 280866881484348861
162472105100119765 710170166807912420
337917498083722781 285547960305819929
556745952279935070 219541886390057064
406763183954551721 669524615632114374
116448218011746160 701765728124823027
549067714422463889 172453448852301816
494668463516670891 610692603242303999
86758983371336572 55500193510251613
877740122505155095 689628825883786436
951123933991498889 572488872986985529
631151005092858718 952381095562758723
746105449128743129 158616965141052093
986425369786941212 215853976475214842
904020220451956992 142694897259734313
949182849671010083 375758769379747880
294221103059541737 876983653041545389
105946659297329908 447181880748580300
104525435825862799 428360501304456472
570574991445224553 414523480935763003
980056067430304427 58530114498942173
833411981349018902 611220871754702154
625664776488039799 914196329246224566
638051571856798309 942560741690314003
558589382368569924 515568269130395483
823526655952355432 643951136833256314
768034888872582582 335629766792930569
849082807112916454 558735808139979854
485100072791197665 392252480378224859
534116269285044440 684323945734763315
92436431368341665 308102839091717658
620986234164889761 224855108313542827
419113263682407181 562922462284533623
293887818193614504 878446763768064451
649009032128119129 522857890581359749
386161884502001493 959683398412848029
27267579369211904 293211771547671746
136551984457969367 359836761741173128
976931078306069102 311134949101758798
444905410346400998 590378710912488538
905403919353791769 812447894836278785
587923101694040727 109929346060883381
993199821066108789 450747339650216587
479493193581613815 698990067336166360
280794686023724361 691110812746811898
649297719057735612 533428091358470594
871597912333676342 869094282815646031
111669140042850696 380723368101330822
636085251054318654 818490273925261138
741576819772118187 761700288083824215
707677851800557406 457302683052417654
300238262903837178 963239794466308460
755987786347971103 312496042219530404
21957625928042350 783259069674082502
623974977831359483 774991402826097418
735907340068769952 445297265403220888
785730772442850278 818080899018890282
221297186474043483 328950859022519765
295846258358149495 49540591052831827
345376104116617192 669073292371458138
939987613108292694 862497686245848648
433472353503895752 188797489501967221
542485157575988366 962625412210383700
112745475781240551 667364330331587180
804111726428912760 938470541100819023
80824845281309679 308808299304836203
284963773441103565 905564588435527917
613861217007432640 809679490646137689
331032859944954641 73608551696713393
406279871405806051 170030019742516627
981582497762869840 596336216461148999
726362166458532284 565231835932816413
77144692088998044 198982455712232574
587116526876840009 774611261301743290
317439663466217360 993933322144459930
328548975696649725 193709786932417826
468388357144902516 999490542983843583
459987645441399057 779682712874009755
193352050108640546 12893461264472249
626826031677615087 55898447908264970
35954948000483104 338340709410118848
493005922400263981 148075596005433485
474240109223071456 200878226207465737
401265486860886053 599345194540553300
161775442605620761 650880797152990562
988727964390335095 211140659354740562
444803931997579795 489974490764270387
726984269460669282 289906528467437789
581735660034137131 797176401110744835
971302880103558797 5609057152661023
946500451512915227 22938454305155736
555877409689216526 53400139200627572
208585783448396139 856993345671510462
936264083230612641 935914822213408429
779372384484782618 579792227737752665
862014266490378736 503683780461080702
979948291916298675 52307197923127670
201161993912739579 630576248423240280
761336429413236280 490323215188574246
54692868271069240 287677956931654254
106764294689179328 119090199820325775
909326882177225076 778375183278338037
759412692316547944 599492994566755621
554550480156248537 57355330898633871
353592386443185944 51669173493036406
755914137720158755 905309005452735446
418621038047262939 224291739784436022
549764994183933627 227771835785768381
192197481062567820 930618610604886239
569389701357934757 539693039772439308
3958985488057952 670466054541041764
172306501948508298 490897547334800029
290173164590609063 592615551463593318
408977164608614015 867536574150591136
325074656494821775 829848457474545587
124471234188353200 307619707687469752
588665978857326316 938440480967880458
88595777139176270 247574118956130381
64413601998540218 194438329268362851
91842626016044087 28432167021589456
776706890502814955 16357285805857540
32939238945667088 367740570918620066
102330905657370026 994254201163704048
53104811932157179 6286941862228247
196335335488056890 93598048291105603
403619592844718550 101849889412655601
873150933262798929 200554574181450527
316505323510018291 830216481088507097
254813854723010503 998614744037129415
760170711694977846 38342035484516175
511533162897961848 401984426268791061
356365077877015582 472612610579208519
265961946104195606 942307431890859974
73641780598464696 36139725132262947
367843626657519147 720321786919686731
487294558897404857 418734925137888510
846436859843403593 563749737433563349
87294430867685231 200922840168912728
317459500083614842 222992195916163577
594644838723658779 853259959571764903
526848894175048947 582488601088780366
620219294116592689 895325784976047619
838122897706626547 158980453540033299
823023019013394309 303511938911232691
829205429154826168 177184316267434445
69605882585062872 289506101459146651
693698636317016588 275209054616675806
775545019665309166 233116938921089818
151350645529022074 121460915960535614
381011185770675391 813902812459645649
126788339071722762 983499091440557650
956090529039979559 520072294189558606
756187771164052568 802070698321147106
368200759435195790 202033403083838551
431980189346427845 718626974131202151
407841554195186433 752557280446236879
414711979977370551 759845264209431212
529730413542447719 43126674200795755
525248760883836928 244573336255234154
546148139532357638 596255136696028476
859184864119728711 382568438095032510
927361009494964326 85038350189711212
126107369434605214 164028014382013026
220073576344778130 38078353896832008
792113489818843354 520092622603796658
135249240624819586 758084372015897386
351566417905610512 232431829995103251
882137788876974127 257178450601185972
65919782783516963 272728414792787928
645656847906259224 967468635109462153
725911686881211519 772798427732345837
933997539311080526 819537082242405894
751581938278590360 927288527486042741
271174603984044164 26548476095295170
807080886488221513 695506055942647767
708323343141769134 88118682792266608
970962332934929401 895606282189009096
735716421647427846 117050421640220912
108084038755718000 488448802339159889
190630093464928531 415000473921711549
352342916278540126 94143043974864963
98623435927580507 382697808276085160
997859062447470210 197740791547381250
12149387036619678 577979085236213261
338304068626094321 240609943522734420
431751347006114410 564524068725030481
851626555308255047 118342179980418722
502495607196823386 752603829112931957
672450772934043896 583245939495405281
713836332725288633 991429843187497022
662646478694457020 266662214597488108
687333095138612734 963375989535435681
229884834652826277 41006711631063060
109844859379992337 126176892071614703
491218864048561861 275319088561667393
264834393453290671 296413413371367159
182858772672705492 767733231358093542
640389231162263684 904702737492272311
534734561096834805 832843236729428808
923334037268277181 457891865624261755
235372737437499727 624663342413284145
812076629696453795 705830936589284692
196950121684634812 928937037098318005
913168191293286000 463226815429999975
980428503410063238 21632475282286587
303628116048747588 404161766436343969
981664797242907448 218737692519748125
799420553567931526 324335811771501571
312874040875918190 291397927273183197
820205608660655783 266698970119787696
136846817544077305 874957229845025104
673537717141656116 69673171461077235
352095708720433157 662112393450681676
193654689424251379 947329373954340749
851050061897065274 306660465396552491
204420510353117243 690972279263455135
732891148565535786 702946953786983113
714079050595908230 413862586900475607
950304619621334321 384414292344233584
870714057241158798 589396642235007750
673288925515903104 570157915628903793
118917563295056550 744923830041674577
978966189340639668 37183183040230276
703100971955528260 74657242341262544
267831689884596700 470918350165538964
456212011802023379 220402786042917763
290647783827217424 104598650618932255
509851210646811086 925176830387040585
384491390115797691 318386885850993267
559544020701770773 946380441325370362
43594525510428502 110756612357298938
107213243016637962 941249845575348990
112314727554802890 228986634431169483
322397224559178037 755527911743422470
422653139283802150 270231588971150945
834770831175331083 386053579172497712
382745321101838816 660722913396113887
386766513832273201 23851003641835827
615681373838277606 276302665634866455
440291711405939133 313590080829343398
938893334725414210 481672264568625679
768670045618185179 108158998727502662
8512988080351597 522260064660640455
263219700670602212 650814759196643909
417687246825008014 429424901040165141
594333303182564269 8154512531824057
292809132873924961 799415407069675670
769712664974819214 916423352054411724
99769148941008473 489171629299181764
272390014055337198 499807876683171722
494119329064052998 871039769192369100
924092650458440158 599953836732075782
422453970820516323 115403194709707291
558817368900043159 889756806204717124
883463995181300194 592792157944680519
926071905405837233 224847037927549821
365657898214023766 523613784277391678
583722486628177593 621717713482312293
460845422113125729 75513157052661822
844036908594918805 892162654292916836
500264663299172915 588923829181214127
850037573497787861 370610851844517692
415579333260668819 564880207522907574
921438629487498192 556356613660447019
969957942274284702 37690178713087675
168982498440579203 59772011986108614
269361549075015632 541975308662528695
357238472475588800 898582563686073574
358209652710069736 973266838309745588
505689445683675688 688108679521657357
619887936878183179 557708458071759951
548835102152749219 651323682377731950
493189809019326348 245584216805839982
764346157150002772 314639335829636642
570931190935026025 420666484488827425
871372119679409007 273480028222225862
986914406660762579 747011644089519980
636945183163744406 703127288072052389
762316016523612951 206660712484659805
348911454064300549 511844925807768157
416034920099303672 95363306046452780
94042595282036146 460725102572085631
18691566411275735 778862246756879935
852610119378527160 176965747430782468
300401105027588664 272840716435165970
947431015144182554 81569892271805068
215024273391127023 313546181412800514
766728526974186920 916518444636421851
156931809637079350 229469223177705664
359869443668089 41180566800395952
276815205439670834 340091878259048662
9665507834227743 76213546927259288
330852982309666217 191114642922094780
274273220621541361 74539767917375172
174100553428269144 800974054645929282
60459315392058308 725552365569886953
284014705184093831 362451167556658066
261818427634989308 272914665497134121
60535646731475543 678473611490883101
810254468747395808 692916949747763375
87883620222006718 943867708644223792
574933004135493448 829243254000110859
5321714343000187 680196822752679143
760150011876799326 815054793295691006
490697845204536055 305979174829589679
674500887377635948 258695120555463866
868176817496784831 784346429807071274
7654281224976417 771516995797942133
464016132738998094 133163302744442979
584817243500140900 500783886168221328
682174018157505868 205840070451382243
481066835996129916 870089821673990104
942078681856867849 484221188440034788
476914425023653831 622359369531667603
199729929417907473 862953184000546806
691132633456739466 170244095441625903
285396785254682901 391771972075387199
57976209524536221 921881127930867548
792527037827805106 433458951632112751
765943145470635104 944433799070137467
255286106792796040 978220026537032863
886706587114639442 768797087285845930
236487317269625153 84992502664606526
408220991156418656 611179218736407580
68208862957027085 191568091563634057
289168699922227552 633723052377823731
668175050074170788 542296031098277470
644904455601283135 459762499820119894
694960864419863331 71716262375554431
527399182542299621 466196165076253729
538111320698718015 274734538065652707
12577361776464188 646670392865650995
151739339867129363 250973433788693581
602634985727756583 488602925960908810
762305531822469980 450488818069070684
352239121719359142 544148779689473483
232160210109515879 882858555388685277
51838861836171736 257516238997320786
434430636789907110 549977410981528997
352011135706027204 952992546762191611
715401401887685297 16899387300186844
407048399891034168 953104333401106533
625528171542481256 211541085767690947
911535262007916361 267055853271221997
330955264435669989 727871787967364576
359930477666884268 857766931746207186
714027521907080914 634239099727646666
602364845882660440 620158186701635465
459403081594566847 697121270915112204
62215095995758194 844184673144733013
505817055624148868 471467648201514413
858378332737090217 730786202238313081
426999229481663338 880893227844940534
975897675714288266 514918313722206607
226576955462195270 145618598322895914
922901888262157961 372080461743224385
280709070336586626 708221365340891013
450022830970901497 755304572736404208
731444848812482543 200282654776240803
104224026511398698 60471473007628462
604255894213482790 7922719422221729
43698326718638162 824232470702694613
339422243059375443 897343413988193462
489506416790810637 579679689198409407
535471660540731220 926133406034659382
164126597041689599 953790777408808092
712566406214536821 779419260126897681
878464742131638022 856908885863883247
415379492697966829 250690807428649553
812815099050629327 989624479720450211
341492570009417442 873504037249141589
576595324565858706 819481281414240108
356007184788424935 610623323718447353
428837659886714196 935209262254692954
630962828283056006 341061624935164756
511629958358232325 750062119490992009
460211868821157307 635903270534356972
936982853609158199 254760181241266560
870572216236231091 60075735178112956
129096579113218631 814512636774652933
677102672698054644 747009742849534271
123995055673214500 49770761900642548
659879939939796522 326353273434704893
952659626584676017 99286413381626411
825253951194772122 849375211867650479
926441787009151839 275971570433141860
194556032630304781 651527671583144119
694662775870758665 21101947473985413
282063587038733159 775764727261612075
810286230631609029 818173178004439929
37745347238199502 59209843459705326
134856391504914887 33448373961732893
664345503341423166 304522823231160563
33679470987813564 179469046258194991
255719940252190833 481283350373248684
751032806129973400 227391842657400908
357345934355657030 22479005500786941
644775689784797348 741323198469051166
976350852265020283 119776232672833667
920721157407538132 611292714795938153
37390207531904944 115595792060530944
971700727754049106 290227384014394277
85432911077033374 65461728561924261
815339959398888164 686800183492479013
176937591307118850 880371001383966532
918775460149045990 971611879442803838
463876858014538715 308456748468012798
660527942570633321 939987400930458399
479708402545290029 336028297232745756
511450850582695409 86144116797959489
909483724176726289 529380957124157139
253952660836680870 939783756996928279
983088521849160493 910097024338917963
236161523704377729 396196537631771269
631978340820433873 293921264552151443
849899346986177904 929253841219669504
153686758257213982 452882539965605427
473939404860503977 542425986824787147
746039178148465087 337861674598653101
77283825261684373 581254552960127173
673500805362750610 946620486741772737
749411571638882930 568188282058726555
639604288550794779 50422152975184750
95700898105643497 154338974998767640
296901679391527966 478433203223235127
797555850945494932 521558095805892640
800692265696526675 192666997672062157
863030408902344948 495059661418355646
954101936629759341 852789720612044668
74926005564254028 617749424090268743
248092691158594488 944092958598421428
936056123810260973 587134624878440896
197949287568510837 414155958068674644
718569113691179266 58000359356140552
291573740770585568 560702911011679935
401605675257890847 839329363804702762
814248633791124271 557751682458166037
785254419769559375 524859484297880827
858157969660939511 338379171535074487
484901621833195076 326413106096002303
402125826234848035 772733046936368221
297345909903424410 604365939952024143
637820425956047510 481635068537276834
821518265308950278 449208965831092188
594852659798533857 140631636959562736
221445213535055330 538101157482326116
622433588109594633 117660501740337455
869392355213541574 213501510575403246
356531825234342339 689269475580740999
284825425926431821 354582715981303698
851730105923513957 528515239404131955
345366172690333638 529021864681501463
889179435107385434 339748619437689589
534301444815162772 121094756314026445
280037564579700764 573979738092109401
224780721499741268 464204610788060711
583133524803773813 884292816921063311
877588750182498073 926199901418966807
305344171880856070 899453857425265551
669623571436986216 237046578571533311
721900930460446574 887807473180428909
841204005696923234 207804909748273867
956943853324124881 484101761668164715
867760063064601350 248303830588874434
287651727150130786 484573048836150184
802410978797363552 694833288084245162
717632420599934521 592440785982413565
698291572414122462 655509142145456074
438356438414790708 877444227604831053
258815256420397452 16464875756028139
365367029160743156 528726650211264771
24677448849861719 336655279891570317
228329178940359243 412284948477648847
460570223712057654 105215681134342398
232853591539453900 60618038556323443
623465320099006826 821785961471012271
477659758038392693 495555373525057458
752861350631608337 310330356328077915
195637562261254281 67516194506107419
554327295616552558 780793281001757774
592108203924816128 996825383919709321
330965761444872209 277764254632945465
457931437288721868 628447148962305960
407580676319247940 746550620587203193
451466152682919014 163901648781118419
29564372093716933 312062235235526985
247111527237795722 726964279673385189
879681692244161085 809114308703542630
738572605478545485 861632295227870573
685342906867669163 263795881389885484
455595663104842320 656773865294484806
802363965915388588 558301611589936699
943331539671674798 357707246574368385
768692792656741292 653963043303125073
522750043894320564 915405874937761340
244211230582151677 527235918155365417
519457552036724464 829690463482602867
737646938096884677 548258983318094549
786150251074921698 57543647543744981
599838724314141539 734525895241412006
603115811567647446 700319711665794458
873403286478049493 150802138232013522
608884039826624420 725637272377329620
277803071610501237 229567464693858077
988054311399809806 934568389541260099
18819136238091679 415189243148577851
809719070450678376 659359643925114772
4416915333000069 385019404480884331
204963422247814523 937650939174935601
919959806035378531 887424856427853523
667200796917572634 498265665956725746
247972437599121596 112134407417091411
788722659794051753 685907861411189620
956761841409118652 649961409788311160
908146601937800143 245678861742130247
928250809014676955 581880458412103151
259550471078066225 409278449519905800
484384899143901288 872796350995421659
639016982937348518 570063095717870212
175182242863866942 855548536008943461
11752909842119584 97984660300098417
991913596561822823 359681109828160480
490534500922210956 230727629564494041
894349824042397405 101833298736593407
835006756526882222 405603132104626837
242895681179834561 938949523793043844
382187783042480500 307996363310128497
381968250579819281 393458198853377459
270669635889429044 387882150138454414
620383525681272210 952736403343006491
643288830659496439 813321579048880304
673879270119217148 52969881129675908
887029521511328143 250617495836656374
964980101126393378 400759797012073412
717771860781147555 291731424629838690
11787451737996856 960345694852435141
963473602880933750 31694706720572742
266035501161923808 950571767234486917
915441628658127958 416880188059030645
546668831700394178 440211768887845190
269981040652735600 164505680529511158
842335720853527960 599469077835150476
37174391205628920 644627384630863342
747752452392472390 767183682666653671
779985360288408255 813169358707437618
253104734034111696 353457029617604270
4173784793202423 455689571026126814
190725002820670918 581502873954414003
268858638031342103 789658027945417431
288237462520214285 493926549604301202
446836669858151978 260656433761641135
661088651249623261 624945170645170788
702411144311329259 680327079818496908
399868556357626720 142591004665322203
657371471824695061 251357329444180835
901016918369614990 856411062493475027
15534992816942464 548568400723675884
257946969320634690 93887802282838282
273480045093189781 695893287486321441
920459976863746336 709788852440571460
548631654601101766 694445004117260959
427138583289790747 661779790507054178
744793080565262924 647886616368584048
897707587131877339 800112205316114274
254218698048415244 275482584047310936
66109420130594353 112505224397852960
968212671505738647 507272958829683619
806112279505538038 5748773187016045
573711453821497711 475198716668573784
826768833513519402 809036866380244163
692345172482340801 410112572304027034
422959239715118396 539081415172099525
763398547907506321 33814913835043536
899958789563344331 91589374863030832
48285591774199379 431869834233895855
970974927354157604 682272629513825186
477333179532342595 236851243152871436
563878620115008353 735226353377310745
886789455946381824 579455027807354923
173658504311380411 402782559963861349
901948778412260068 669315675744724840
680131266938218003 159335890866578374
935124242444820548 256268780152377651
330918330853132640 855056626924014511
809232634526599670 359272853441452302
315923092467657911 70866594965029565
268423994026648823 248862881096500223
305620899226871730 600516002494753922
517475056004999807 164676749423323243
823187285379992319 340781263077317583
730152864106851813 541476571586180334
851978354806668212 319686563486516396
59517763875808408 856565866608720987
656511532227242922 202113783635872913
610392566958469109 959617337228826195
611063444215362458 289559080431100432
827306563107210372 918121007067782695
587910024118163540 22453962859144544
826277907072029901 250083340121177958
471535006695442582 77531590135168319
505821206914504849 183712000103333704
35469440574592571 248453308324825766
510566164091309001 215925136837179188
245452902144461291 985901056707556085
96683411564039393 381808525534746520
761708889690713355 329890337867912135
58626678160700613 890326907014372004
18939235136870707 342521820207252124
717996881746561808 156145700593710261
465992466360864170 96761921524933123
807814438105960279 599432553868241930
361037323644722799 588650857215922043
490280862275373227 936718405229128072
572291829367669460 99736154904853844
397675472703917235 676636196051483620
36704850574726972 218520305997438390
432532586838385930 674088917053847953
451682886381414409 865090204365693643
928870780687254331 90711340789474044
68748456764213386 821434726419874312
650347845529629631 779465493334169506
52291313009966317 730121744531541980
733215800159223810 278896440503176553
552212464200921642 492298097656833180
617374697128129823 127607824478004008
908051527964653231 85186445049311090
195091757546418654 950081044898483428
393604274882971266 482088099415175286
372012089821394048 558160546171185895
277935131942325829 45363358237602728
624138974236544053 265035080753046730
872883784011196770 561220331277754494
768724330500405388 770854674816489791
607705495085365269 794651767560588954
829966677313870625 692186445923320422
274735567807593077 801661122323208686
851351482250874354 962760946773053461
872199777274439255 506120549002736027
258123634374231208 676510553753112525
414893793574228365 401912565516207397
36797639940911580 711940095855602681
559001313377772289 487527760365205285
19754579472826727 225850934493450824
796847649432890211 491036031743036981
894988280495879541 949742792283424479
715834778421461655 175816563289303520
132701526246150654 175245566906296330
906517282125773870 297322495924312469
953915199066980579 110948672323849765
121115235023633926 565781227266722565
521846801441854779 461192486665933739
885065167886939397 218337445317943511
743798769781096729 687929638430923319
905323774974458124 436706428032290279
693999873451812881 359016735557604148
92769927611463282 711039210092716189
746556883425479645 125392555746747035
436964185429655523 135505877393651955
31038353534466989 666154305576819606
284550024605222852 24196586502367142
443652857140722280 591937545077162136
502195209400649706 290892693489421166
360133994706394669 626397156096561836
595222882287920674 147003650911798644
538984541657976939 651419755751466710
464237994738837631 169267806021704021
864624005568151585 999154290965953663
94745838425673441 891910989051998783
177381039797372640 417021465863107135
572468193311089040 889949243270407767
76891795793554867 543626183907458254
942301801722198423 61207104000108529
125229380460015238 612967737681343658
247549695632581259 455864495347359305
820420635345985573 445597669962045333
930626969509299533 262230622055161849
297971849913154131 647520375716968326
189065293013751199 26546672155202028
112622570411898170 507526003952910547
671442524880683149 247218617287014272
204558953237282893 937518367352037854
765046600121379541 671278020510285303
995385358505070254 895765204017881659
751805019840276385 277847840996179841
439110051778491673 379333277581073230
732992818813233131 855654478187474327
142020714417877728 883365577541554880
908928629521484682 293341422566391974
471499046627756595 430791000205997085
579342953005667623 72277050882134651
794236111323312046 372920017919440377
165677592821343647 929904502922680662
717900107924598615 114769636601033744
239048256456312166 131345291360979555
912718944219534563 116854576188101228
965117160603969668 45908184457969623
486452214020824473 385853964364947985
292136525708232068 275847689216666028
819712857805481304 834976994667367922
876930820074793784 405991663117287663
832519461744729477 383601281594538149
560384549448309697 994281081854206735
518950485097386703 680213029870850971
636425846748828443 417796141587769594
857916125446547574 136983616184859450
762188695695128023 293460569448279187
128043986856812256 768634104492902962
351037425166678585 953020678726061518
854145086198285060 35330462643614706
540874069081700817 956087145837196989
516002032892751596 407664826411491837
194920777911493988 982389962407498526
765059287685292730 190712775133234113
685357567733390618 855667129702755327
70622642216797048 774001584602262073
496600972858286021 438587673272934580
584408721493791778 488333750101593570
659198019910428809 781208703271823234
252232470615471487 182302890621590205
322309297807706017 79548142654743310
197181762255136276 75829689022340239
594343753809576798 729705771933639383
449730731912072599 581062200105124725
434678281730822992 815166090567328398
423784688622237768 105798449455162796
750308598947737266 500525744170685608
47890410618740677 32989600913978398
813096285826853604 227073093264366593
509514168917952144 901944260900661397
588525158603953366 791252174834756653
696521267658408152 215531002346454914
663468579941893168 140175065695249847
954661398096212407 369075982371768009
282031243622537140 593468006920291864
328869230677140169 911186799079483053
653113617903884501 699098157030427169
642572771742874603 370980425702428252
57036451977157904 84730127871270445
173753216535277920 616158473565376940
554240250684046812 986710344767178948
537776569596918185 162395163828470349
967949175124566471 380479632424602401
971274605998485520 615232260146732198
355355788679305947 20492712755887699
319625797112272093 652349458604255194
278481592545499960 653748641741589528
124134322566709687 635086837195216100
360429488041160714 510460624842466947
64545679036164020 146884667287910595
71588157887978072 992529553408685830
263724425963853995 612950726495609612
338954170569252888 278396204720712383
759737731963553743 694715209071087193
334253263319592708 396662206325739236
649315599578551020 127368729478235045
495129205883813905 810748227634222946
698403598726847862 830738287930327221
476027426522478594 699330069856322320
302552376942463541 936717564164258857
138906993402029062 883175922411945271
692519695154893489 986592019998358972
498685895420140714 39806965234836896
587321992090856094 347650163380629529
404850235194722129 156001211363936700
257770879792417655 570555113688087268
142169419171001179 631715225597364955
328608750326622365 523170834836655713
754828221896707195 241430924153788116
578955624102931649 983443741051400661
238292964708489591 995865096218835340
358760457316466967 121894903091524478
219912680757420604 374596388587729306
569764564159286607 897338726323415308
662434249657631724 801765545691886739
858778688019163754 651560181598651572
880609209181718507 863802992433982484
292581914457484999 67063077022805839
832111382797763079 399556270800440693
696483024078445291 774476312701931692
105886214654574317 302017788261764585
926024151737587856 50254911664173088
49470598110178599 220714143038605002
728946029467608748 404762451866115464
621285959673250714 108703761266119499
1268963083646791 824347557674857692
280360246788675759 861314098468690932
793690362276197232 554770118405945786
662575576582890982 347684614105184964
123218544782763875 503471112677872719
835989992372387023 571794835634563133
493996690542406441 851165748417208753
294558331754434564 324424202296434755
576462308128810495 882660676697441494
539673956516102884 998135462539492842
472396205923118604 370449906262322679
652892864462493291 601280073002926612
676870778919909685 31807315690643830
970114327507881011 362777438809573927
815766976831987356 885649656493497141
252535587704710842 908658157715747051
104171854452121117 794246451263612435
518440531830791826 573773237166354456
138511652130476228 407964022731275926
164848071423068278 571276545388583450
847125101403837004 393123091540465903
207371599347738837 866396895152450624
905097040349804802 853671147276029849
28969554750136825 686842632542949216
443659329015033965 872472278527053142
834250726855229106 121164349528494414
468800012698233065 958141755666644753
694055284629966986 915684856588839322
286073602690452624 978371506515796734
671542416928190344 757428848901576941
973111914122288309 773003366939270215
103375522468581563 254458317006364947
676289477420778925 729492058865366949
960832640920215833 920309066418778661
605572332150794831 440800233073438515
205316771367028648 889417893865754533
71126150709958209 466402238622124697
757996457045298475 668120962846822008
482302740354829228 308448463632528279
239575192946924565 841305577483563348
500690390026759823 954576648627907067
199512191673187370 262918962272398693
400944121391099810 78942474375092983
161852167362688934 989811965055425861
392535028567169468 5352783188788243
617431574439344858 967602313036545006
724628809786067184 30340790406975177
191464310169889327 675060052831502759
876576055952531197 450974630611451499
755029189118894260 45285643502472509
872760861686121548 799934099912795863
37690657334766236 231672128961915764
759538315450936015 668614299372696705
969048088506197917 760897552816306671
717507315792238937 554794896522172092
861317912616742822 102358116145519112
637668228914067125 110640241468121367
857518954558711314 46230294458314736
33807811234199087 959934776324940493
836500747175078145 586515620062088593
281149355042075892 176484626261805139
563857268120076992 563352534679253673
771114044973911095 274249029428120620
222744881662668999 249106993773517650
670536997352074991 394858612181231795
254012800460200263 970825067739263909
691726938034926337 337199180652751733
297642391794853934 589788338560669200
409708920578224905 902177852636494100
819082811372640578 305349805252683811
249016676783374350 611669432448343741
751268468118772849 256474806752602907
363025532816136927 372464194012272571
106689616972356062 775851723537026941
536445978669981109 877675092352088085
364982191610285759 658470969454144436
27759249416408311 211493775950416952
955644523710165402 206327418380987434
501125689573405568 259475642646187322
229872485231057811 1195625355083997
454191621075396075 860219275928115513
786080973799954954 585006332776787013
697937784957882781 886259429316225552
204095018919418600 615094704316162981
861439382748588158 786441923356391517
732550537140307940 987286428889159528
628433666075928122 575735448485291603
923369366787606589 901207160672313376
402054927287311931 576479469838952436
145405037755452417 558897000196619318
929381623060067908 722065658495852408
818184037242018146 646405514307898614
585556211835781827 967602735987400376
163299598525759042 887829908846836996
699322513509826469 146696456883533369
600189601283163618 533106888367562626
799741463767115529 375215293627127965
821703631766516341 89571616664719560
888618158950855147 230271899664239099
629992578335234583 824851167579564475
772846200182002094 377013267980250602
11713987821529024 267692444675704106
729096603306846469 820028570203490672
87264101910574283 258932612628297840
163071460274080126 486933702554398977
649757118018743939 54702903466193201
451445346248191783 142527625025312822
312807250621164650 752348408430178200
661006938179343080 91143259142094334
365803855270412079 928893378451164631
718030420357243601 497450282264020533
186476711933870457 218598442605641535
245119857245452166 394806186825907932
454060363235996636 860221812812636009
981390596134148559 751493359820711010
174190788611433339 750892459998789439
570618629036189396 63285354278743100
809585670792363417 288282855922512701
239746485701534163 6527499775520469
973769754417107930 722700278565347092
435933891800073326 206473963511279593
551527787452574409 199981551749071490
446720718094250022 473738316478918819
242808473712934868 332780053790908218
775698523060530394 365275533125378132
348415575000626979 269064789787300013
587441258190422779 880961080981968506
659137191892142008 496752570501590227
759090256904123158 152939470902373939
30615493886854781 483600967591306262
646171446168385627 64691606207234063
531513650686530102 182533579850975981
944152922202226599 933612448234321140
231277208534594418 786558129663094167
521618229217292573 497018972796022739
907140873693929102 111420039344296960
19552563670158792 759440244024929976
762046454301998986 165394088627033891
